5021381
60515
44770
34607
29268
24973
22095
20312
18383
17379
16123
15044
14263
13635
13160
12720
12017
12002
12014
12137
12132
12099
12011
11996
11507
11259
10504
10584
11333
12809
16580
32024
41828
25505
12775
23486
18681
6006
4622
3811
3367
2965
2908
2989
3290
3213
4102
3681
3186
3045
3090
3104
3181
3475
3781
4888
5412
5090
5365
5188
5076
5787
7580
7699
8806
7807
8280
6333
6256
7597
7151
5712
6180
6193
8450
6680
5247
5549
6189
6030
5791
6314
7631
8832
8763
9322
8933
10681
18036
14435
12560
10985
10130
7847
7708
8388
8195
6814
6657
6772
8678
7691
6156
6147
6511
6272
5477
5604
5680
6323
6317
7183
8650
14864
12123
7967
6281
5385
4891
4680
4144
4239
4003
3544
3353
3159
3115
3157
3173
3137
3222
3023
2908
3061
3068
3038
3089
2900
2971
2939
3051
2874
3192
3551
3704
3989
3942
4432
4523
4620
5107
5397
4791
5118
5098
5443
7322
6991
7286
5819
5481
6098
7397
6508
5779
6082
7842
6412
4971
5190
5301
5157
4477
4511
4834
5327
5403
6658
6569
6465
6467
7163
7488
14047
11651
7403
5423
4735
4508
4334
3801
3754
3651
3451
3500
3574
3456
3284
3274
3245
3494
3420
3418
3537
3359
3244
3027
2849
2823
2674
2712
2706
2711
2629
2496
2551
2405
2503
2469
2505
2455
2563
2677
2423
2373
2439
2702
2934
2651
2650
2671
2800
2732
2813
2980
2940
3050
2975
3249
3455
3229
3067
3237
3749
4159
4631
5060
5697
6710
7485
9052
10905
11680
12821
13460
42305
